0.8485
0.002498750686645508
[[0.1071 0.0984 0.7295 0.7295]
 [0.1085 0.1053 0.8434 0.8434]
 [0.1088 0.1047 0.8488 0.8488]
 [0.1088 0.1044 0.8491 0.849 ]
 [0.1084 0.1043 0.8488 0.8488]
 [0.1084 0.1043 0.8487 0.8487]
 [0.1084 0.1043 0.8486 0.8485]
 [0.1084 0.1043 0.8486 0.8486]
 [0.1084 0.1043 0.8486 0.8485]
 [0.1084 0.1043 0.8486 0.8486]
 [0.1084 0.1042 0.8486 0.8486]
 [0.1084 0.1043 0.8486 0.8485]]
[[0.0025874  0.00469534 0.00264384 0.00264748]
 [0.00258841 0.00264388 0.0025884  0.00273143]
 [0.00255265 0.00260904 0.00257182 0.00263176]
 [0.00283212 0.00261464 0.00274735 0.00289758]
 [0.0026796  0.00266163 0.0027585  0.00284807]
 [0.00278613 0.00288619 0.00269811 0.00302808]
 [0.00275673 0.00298709 0.00293751 0.00284739]
 [0.00299682 0.00278723 0.0029735  0.00298515]
 [0.00286775 0.00294795 0.00297598 0.00280631]
 [0.00280683 0.00301968 0.00302727 0.00296596]
 [0.00293408 0.00285703 0.00291597 0.00305586]
 [0.00293498 0.00298491 0.00283865 0.00285579]]
