0.7908
0.00780677318572998
[[0.1    0.1    0.1213 0.1213]
 [0.1    0.0995 0.4654 0.4654]
 [0.1    0.0671 0.786  0.786 ]
 [0.1    0.0719 0.7876 0.7876]
 [0.1    0.0733 0.7906 0.7906]
 [0.1    0.0741 0.7907 0.7907]
 [0.1    0.074  0.7908 0.7908]
 [0.1    0.0739 0.791  0.7909]
 [0.1    0.074  0.7908 0.7908]
 [0.1    0.0738 0.7909 0.7908]
 [0.1    0.0738 0.7909 0.7908]
 [0.1    0.0738 0.7909 0.7908]]
[[0.00890658 0.01014791 0.01246087 0.0127196 ]
 [0.02006807 0.01222183 0.02797292 0.0133594 ]
 [0.01444665 0.01615062 0.01429975 0.01441588]
 [0.01520423 0.0143101  0.01402315 0.01290982]
 [0.01466091 0.0142584  0.01592859 0.01371019]
 [0.01349867 0.01501907 0.0172342  0.01728769]
 [0.01589864 0.01666081 0.01700913 0.01701791]
 [0.01650088 0.01587112 0.01677047 0.01761665]
 [0.0147536  0.01584155 0.01655149 0.0182555 ]
 [0.01758464 0.01840815 0.01741179 0.01979089]
 [0.01746549 0.01901998 0.01579562 0.01448916]
 [0.01661505 0.01624679 0.01837006 0.01547683]]
